M1: (0,22)0,24 - 0,34						0.274329352491303175
M2: 0,001 - 0,052					0.0154407660963825947
M3: (0,004)0,008 - 0,011					0.00924227512448546875
M7: (0,011)0,013 - 0,017					0.01529928011767842575
W3: (0,91)1,2 - 1,66						1.37221752335822235
W7: 0,05 - 0,11						0.0874936921783010925
W8: 0,18 - 0,27						0.200186678479090195
W9: 0,37 - 0,46(0,53)						0.42405745345420816